CHR	BP	SNP	A1	A2	Freq1	FreqSE	BETA	SE	P	Direction	HetISq	HetChiSq	HetDf	HetPVal	TotalSampleSize
1	96932736	rs986427	A	G	0.6904	0.0366	-0.0703	0.0139	4.116e-7	-----+----++------	11.5	19.206	17	0.3169	54411.7
1	96941158	rs7512263	A	C	0.3093	0.0366	0.0717	0.0139	2.35e-7	+++++-++++--++++++	10.5	18.985	17	0.3294	54426.8
1	96948002	rs6686016	A	G	0.3123	0.0357	0.0715	0.0138	2.332e-7	++-++-++++--++++++	7.5	18.371	17	0.3658	54438.5
1	96951281	rs6593602	A	G	0.3135	0.0355	0.0697	0.0138	4.432e-7	+++++-++++--++++++	7	18.273	17	0.3718	54438.1
1	96952142	rs55650017	A	G	0.3134	0.0355	0.0698	0.0138	4.355e-7	+++++-++++--++++++	6.5	18.188	17	0.3771	54435.2
1	96955038	rs6683508	T	C	0.6865	0.0358	-0.0706	0.0138	3.277e-7	-----+----++------	0.6	17.096	17	0.4479	54386.5
1	96955390	rs59894625	C	G	0.3132	0.0359	0.0713	0.0138	2.475e-7	+++++-++++--++++++	3.9	17.685	17	0.4089	54422.7
1	96955391	rs57076863	A	G	0.3132	0.0359	0.0713	0.0138	2.475e-7	+++++-++++--++++++	3.9	17.685	17	0.409	54422.7
1	96956775	rs6593605	A	G	0.687	0.0359	-0.0716	0.0138	2.179e-7	-----+----++------	3.6	17.63	17	0.4125	54407.7
1	96960057	rs17367240	A	G	0.313	0.0359	0.071	0.0138	2.713e-7	+++++-++++--++++++	2.4	17.416	17	0.4266	54423.6
1	96960121	rs60776572	T	C	0.313	0.0359	0.0708	0.0138	2.977e-7	+++++-++++--++++++	2.7	17.476	17	0.4226	54428.5
1	96961723	rs9437743	A	G	0.687	0.0359	-0.0708	0.0138	2.984e-7	-----+----++------	2.1	17.368	17	0.4297	54429.2
1	96962215	rs56119386	T	C	0.3132	0.0359	0.0706	0.0138	3.203e-7	+++++-++++--++++++	2.8	17.492	17	0.4215	54424.4
1	96962246	rs17375929	A	T	0.6869	0.0359	-0.0704	0.0138	3.481e-7	-----+----++------	2.3	17.393	17	0.428	54430.6
1	96968005	rs6593606	T	C	0.3128	0.0359	0.0702	0.0138	3.762e-7	+++++-++++--++++++	1.3	17.23	17	0.4389	54373.4
1	96968116	rs6593607	A	G	0.3126	0.0359	0.0702	0.0138	3.823e-7	+++++-++++--++++++	1	17.167	17	0.4431	54372.4
1	96971241	rs67544133	A	G	0.3123	0.0359	0.0711	0.0138	2.76e-7	+++++-++++--++++++	4.1	17.73	17	0.4061	54365.2
1	96972973	rs56209707	A	C	0.3125	0.0359	0.0688	0.0138	6.469e-7	+++++-++++--++++++	0.5	17.092	17	0.4482	54352.3
10	76421216	rs10824218	A	T	0.5697	0.0198	0.0835	0.0169	7.517e-7	+++?+++--+++++-+-?	56	34.101	15	0.003296	36411.6
10	76427188	rs61862566	A	T	0.5347	0.0227	-0.0649	0.013	6.542e-7	--+?---+--------+-	31.3	23.3	16	0.1059	45702.8
10	76431808	rs11001105	T	C	0.5349	0.0227	-0.0649	0.013	6.474e-7	--+?---+--------+-	31.3	23.287	16	0.1063	45705
10	76433155	rs11001107	T	C	0.5346	0.0226	-0.0647	0.013	7.123e-7	--+?---+--------+-	31.1	23.231	16	0.1077	45706.4
10	76433367	rs61862567	A	G	0.4952	0.0203	-0.0653	0.0131	5.637e-7	--+?---++--+------	33.4	24.01	16	0.08929	45682.4
10	76446871	rs61862570	A	C	0.4651	0.0231	0.0643	0.013	8.32e-7	++-?+++-++++++++-+	28.8	22.466	16	0.1288	45729
10	76449813	rs11001111	A	G	0.4957	0.0208	-0.0652	0.013	5.685e-7	--+?---++--+------	32.3	23.634	16	0.0978	45718.2
10	76454149	rs10824220	A	C	0.4687	0.0216	0.065	0.0131	6.98e-7	++-?+++-++++++++-+	31	23.18	16	0.109	45282.7
12	69904574	rs73140579	A	G	0.9576	0.0967	-0.1869	0.0373	5.486e-7	------+---+-------	0	6.681	17	0.9873	54303.2
22	19871204	rs5992492	T	C	0.5363	0.017	-0.0882	0.0171	2.674e-7	---?-?+----+-++--?	52.2	29.291	14	0.009542	35460.6
22	19871778	rs3788305	A	G	0.5362	0.0171	-0.089	0.0171	2.092e-7	---?-?+----+-++--?	52.6	29.533	14	0.008844	35455.6
5	139514964	rs13156549	T	C	0.7914	0.0088	0.0814	0.016	3.831e-7	+-+?-?++?+-+++-+-+	21.7	17.891	14	0.2118	43603.2
5	139925932	rs801465	T	G	0.5291	0.0192	-0.0661	0.0131	5.024e-7	---?+---?----+-+--	9.4	16.551	15	0.3464	44342.8
5	139931930	rs801460	T	C	0.4708	0.0193	0.0656	0.0131	6.019e-7	+++?-+++?++++-+-++	9.7	16.604	15	0.3431	44343.1
5	140115303	rs801171	A	G	0.4413	0.019	-0.0651	0.0132	8.25e-7	---?----?-++---+--	1.7	15.256	15	0.4331	44366.2
5	140115343	rs801170	T	C	0.4431	0.0194	-0.0651	0.0132	8.259e-7	---?----?-++---+--	0	14.052	15	0.5216	44361.9
5	140120953	rs2531349	A	G	0.4507	0.0164	-0.0653	0.0132	7.279e-7	---?----?-+----+--	4.2	15.65	15	0.4057	44363.9
5	140123233	rs2563288	A	G	0.4508	0.0164	-0.0654	0.0132	6.944e-7	---?----?-+----+--	0.2	15.035	15	0.4489	44364.2
5	140123635	rs2262574	T	G	0.4507	0.0165	-0.0652	0.0132	7.731e-7	---?----?-+----+--	0.9	15.139	15	0.4415	44362.1
5	167030325	rs4869061	T	C	0.6645	0.0087	-0.0682	0.0137	6.101e-7	-----?--?----+--+-	0	11.893	15	0.6871	52082.8
5	167031862	rs172137	A	G	0.6645	0.0087	-0.0675	0.0137	7.968e-7	-----?--?----+--+-	0	11.38	15	0.7252	52097.1
5	167032093	rs11738133	T	C	0.6643	0.0088	-0.0678	0.0137	7.266e-7	-----?--?----+--+-	0	11.47	15	0.7186	52087.8
9	123946947	rs7047038	T	G	0.297	0.0163	-0.0715	0.0143	5.459e-7	---?+?-----+----+-	0	11.599	15	0.7091	44851.4
9	123947985	rs10760152	A	C	0.3024	0.0153	-0.0708	0.0142	6.109e-7	---?+?-----+-+--+-	0	11.091	15	0.7461	44893.4
9	123951206	rs1535657	A	G	0.696	0.0465	0.07	0.0142	7.875e-7	+++?--+++++-+-++-+	0	12.845	16	0.6841	45634
9	123951732	rs942153	A	G	0.304	0.0465	-0.07	0.0142	7.824e-7	---?++-----+-+--+-	0	12.928	16	0.678	45632.1
9	123952654	rs10760157	T	C	0.304	0.0465	-0.0699	0.0142	8.222e-7	---?++-----+-+--+-	0	12.808	16	0.6867	45616.9
9	123955765	rs6478504	A	C	0.2979	0.0131	-0.0742	0.0149	6.607e-7	---?+?---???-+--+-	0	7.701	12	0.8081	36814
9	123963414	rs2416819	A	G	0.2997	0.0156	-0.071	0.0143	6.275e-7	---?+?-----+-+--+-	0	10.824	15	0.765	44804.8
9	123965081	rs7032800	A	G	0.7003	0.0156	0.071	0.0143	6.279e-7	+++?-?+++++-+-++-+	0	10.829	15	0.7646	44800.7
9	123966998	rs7026555	T	G	0.2996	0.0156	-0.0711	0.0143	6.066e-7	---?+?-----+-+--+-	0	10.828	15	0.7647	44778
CHR	BP	SNP	A1	A2	Freq1	FreqSE	BETA	SE	P	Direction	HetISq	HetChiSq	HetDf	HetPVal	TotalSampleSize
